-4.124756572310361
-4.1276582944957125
-4.1267171321630824
-4.12673377696821
-4.126389433222076
-4.139192831382227
-4.123790822931647
-4.1338031665618145
-4.126144081461411
-4.12383749877378
-4.125670123753443
-4.134867677886358
-4.124066053039771
-4.111898582985732
-4.1383491255587925
-4.137370895573816
-4.121485746326151
-4.131908619925521
-4.116345156060071
-4.137455982340979
-4.132062159676965
-4.127925367134828
-4.13301630003177
-4.116245720641274
-4.130697339229891
-4.117830838172402
-4.119403174624393
-4.12237793199861
-4.126455919144042
-4.112437111122771
-4.135502803069999
-4.127269580829393
-4.125490833406731
-4.13473344171074
-4.126436826078053
-4.128891559357926
-4.112360565125017
-4.131019758675758
-4.127090822489297
-4.131456246170127
-4.135782010103813
-4.114176425088078
-4.119050889623238
-4.11661161235857
-4.104802574335946
-4.1074850390183375
-4.114957305665947
-4.116708404169443
-4.127146827083491
-4.11815845089563
-4.120690154404426
-4.116386289717231
-4.120854797808466
-4.12203582194581
-4.12618991511604
-4.1165675998397315
-4.117848998503216
-4.130657547243046
-4.129778779041548
-4.112738438089866
-4.11678813457345
-4.107328047508833
-4.106581441588531
-4.110710271225284
-4.125439119149687
-4.1222750418896625
-4.115218506636142
-4.108504936523697
-4.112341146926497
-4.120249840408075
-4.128796201527054
-4.118927941549883
-4.116747846282777
-4.125786258272141
-4.119582336525625
-4.1267921629708635
-4.124251777692888
-4.115595452061021
-4.113339571681374
-4.120442247290187
-4.1135253108021
-4.127942455500933
-4.127826037607128
-4.109050866124843
-4.131545322167475
-4.133398544636579
-4.124423725335162
-4.137235454759611
-4.114211192468273
-4.138914054184288
-4.128172448458806
-4.138140068254497
-4.122448652344376
-4.118761127612691
-4.107707451039249
-4.111589825750267
-4.125562558509876
-4.116286585090897
-4.109948298183224
-4.114386845407472
-4.128996602073892
