-86792442.5541017
-86807607.78890255
-86810208.95485911
-86798801.82406154
-86804018.51560922
-86811061.63775241
-86808574.74415141
-86793675.52134661
-86797711.12906332
-86811125.81850345
-86819546.30584325
-86833105.68527536
-86824118.39114192
-86870373.78735171
-86885103.88740736
-86954201.16645664
-87094631.29411852
-87451942.78139931
-87734353.51585981
-88690660.17931676
-88579467.81471875
-87771756.32887763
-87967362.52893984
-87622435.7894004
-87897729.81230772
-88121115.56141222
-87644095.34845209
-87770239.90660423
-87480565.13652861
-87520979.49737221
-87379312.60075668
-87332247.2166234
-87127425.59213293
-87414612.25221395
-86998021.96106136
-87344856.30890006
-87181245.19378
-87242526.10983753
-87163595.04719338
-87088832.70137861
-87003801.79313838
-87103745.44916573
-86896995.19626302
-86767261.15875179
-86748135.01461953
-86924703.63630983
-86497564.60020751
-86765341.52902922
-86899623.3717896
-86843873.1979374
-87041371.79501694
-86706265.65234393
-86691766.28345722
-86722303.31320196
-86781809.72244415
-86764697.66973457
-86662923.57387564
-86651684.03774807
-86685759.01111057
-86839884.57489094
-86430086.13143831
-86646185.93375614
-86457459.6627627
-86495199.39777726
-86336488.96952766
-86466490.82358792
-86450078.73101047
-86415973.18126583
-86312895.98789647
-86384037.65618417
-86245339.60426906
-86334636.23153359
-86255333.74091694
-86149512.3391265
-86230818.80556089
-86069014.35643926
-86130345.25265601
-85985028.7004359
-85955539.30165449
-85912785.61420959
-85776336.6776967
-85845925.34044147
-85816615.73936474
-85892229.40003937
-85684873.55728525
-85677219.50077131
-85523727.29083776
-85615298.9859299
-85541002.74290836
-85558657.55278787
-85352512.66915604
-85412713.31035244
-85328893.35624638
-85348587.96438363
-85362267.57299456
-85336144.56028357
-85403612.11756667
-85301030.25479907
-85285516.53315562
-85247324.87527362
-85164634.98429632
-85127877.59378204
-84933669.34192103
-84967139.85071668
-84840482.35293534
-84879993.57396868
-84973741.28002009
-84952948.43186498
-84943170.04626057
-84812331.98494256
-84806913.62733936
-84802350.26627484
-84689370.56175348
-84663840.31303594
-84659086.93273854
-84665763.69424927
-84485758.11359325
-84509494.61904106
-84467579.12672058
-84445048.4250524
