-80078194.03617847
-80092995.5696698
-80093693.80734308
-80083850.95046113
-80099899.48458973
-80091608.2526215
-80078231.347616
-80064599.85441317
-80074650.08352809
-80086930.06030238
-80092813.4702404
-80085189.13209112
-80078029.77764778
-80110191.5534352
-80134879.67409757
-80193263.19922149
-80336429.21125892
-80609714.15165305
-80846949.01689571
-81837622.78329045
-81756620.4378295
-81346014.13179404
-80820203.3348397
-80739203.21033072
-80984627.95963836
-80348520.000633
-80501478.08606935
-80503943.3627801
-80324748.50712478
-80151257.44405851
-80164757.020987
-80066926.0254747
-79801154.51042429
-79606764.45851934
-79684739.00762817
-79677391.0279791
-79727047.97024348
-79772705.42992783
-79802846.55437529
-79753354.4530015
-79934639.9235413
-80421063.83968633
-80565159.73502785
-80592368.26379424
-80844144.15117443
-81255013.05665582
-81841800.86949036
-81952964.47208181
-82542616.65551767
-82476444.01440263
-82165715.39726493
-81806339.05631432
-80900434.65840122
-80410328.93209398
-79784123.52183127
-78137974.39804447
-75258039.11786316
-72847684.02863249
-71337089.77033018
-68798647.82001947
-64046193.86375204
-55825368.77704513
-46065973.19503185
-33246031.498003274
-19240320.54603514
-10840879.740935542
-4115626.281195745
-198418.53135223687
2176827.835394934
3216511.1627535
3837559.498607725
4207093.814813469
4429541.38578663
4614711.816192716
4730416.805665102
4927354.11500725
5106803.465540163
5012259.764639504
4914752.016916357
4974494.946919728
4996478.07374011
4855252.502835734
4693344.8049900755
4629041.15453141
4548813.170652552
4473487.9361072555
4254440.878745398
4078813.6512447987
3867425.435894588
3653506.136576453
3520900.0259569287
3370946.832208927
3127256.933339483
2892954.183148782
2657288.7518229373
2467966.240102335
2353159.799723154
2253746.968867978
2142537.240304088
2030877.7463006955
1857498.5172617082
1749268.9971763464
1589371.7983082626
1455827.5253836596
1306230.2637449885
1191081.5408790736
1112189.9242764274
1058451.2379939072
983499.6399446148
943092.8835173016
889172.8408570383
851517.682696959
812263.7418053932
764016.0272366898
733746.0410781363
692066.1460440308
631123.8226375356
569835.0041790698
480242.3285263898
364058.8059924552
