-80079319.23343289
-80095378.12342611
-80092819.40952487
-80087674.12763472
-80105806.19681887
-80096501.49841197
-80080111.31646694
-80066402.20220515
-80063134.17879331
-80078274.62710486
-80075335.06043687
-80074609.69541353
-80062408.1083326
-80089203.99800861
-80109072.86631054
-80182057.734375
-80376908.37241507
-80604254.8647778
-80813088.23517862
-81847475.82378665
-82014690.00849938
-81368471.75683928
-80903856.27744126
-80879170.46376705
-81201459.8751173
-80519144.65616465
-80629314.38296151
-80662965.37271786
-80589792.06007743
-80448138.87718761
-80265258.6897296
-80258496.1432223
-80138495.43011633
-80006619.11374217
-80081889.38928375
-80000655.53642005
-80251010.04751527
-80289474.06996354
-80704915.20582741
-80477352.03360695
-80787345.41977909
-81092279.97330064
-81254061.9217498
-81535339.36152297
-81948841.06281435
-82368152.4707168
-83068123.66573018
-83469833.65861443
-84099917.13377985
-84420650.12479681
-84017978.31833181
-84045699.10058954
-83679632.56984517
-83843294.0750649
-83669894.96888942
-83389798.63240702
-82419244.45045158
-80833154.8993272
-80058940.03049165
-79455528.04559001
-79071809.77655886
-78059497.7233458
-75581979.18507442
-72395788.99261326
-68986074.31605242
-66129194.63004467
-63831808.812637284
-62194561.74200714
-60928119.03693877
-59991553.1897455
-59409677.888065755
-58788964.50155647
-58413902.79031621
-57884411.261045985
-57405816.94717042
-56707234.85861269
-55978779.57436843
-55527628.48919683
-55200195.65260796
-54782398.19787144
-54219056.419842064
-54061560.820133254
-53745980.74735765
-53622777.31940507
-53457731.25368834
-53261325.79861376
-53317520.110251606
-53104902.21201742
-53093839.004385576
-52958276.60894994
-53061839.2865396
-52940986.10527217
-52920045.1885127
-52903552.38587661
-52846868.27137059
-52907696.85915193
-52736831.172649056
-52775458.225158654
-52739402.438726254
-52662226.42096719
-52618621.754288666
-52603507.12627134
-52534539.57588101
-52551212.27681599
-52587341.707366034
-52657392.82167251
-52552969.27832079
-52487624.16308283
-52474047.9425658
-52445151.59120123
-52339805.28068364
-52282459.35252363
-52312536.88020155
-52244214.166393906
-52322077.247283086
-52263298.02745568
-52206097.33186389
-52220348.4295696
-52260118.23255876
