-86793724.09052497
-86810695.3016777
-86811556.39880371
-86802602.16400515
-86807315.4405788
-86820192.84666526
-86813962.58218904
-86797688.06027031
-86793320.52655196
-86804264.39362478
-86822722.16855621
-86832044.43072167
-86819539.9679723
-86866967.75108851
-86879613.1437276
-86939527.99042904
-87109700.95357627
-87411606.60578269
-87741007.17226982
-88657566.50045541
-88505330.25558856
-87835631.56980222
-87968987.58344537
-87725399.34811437
-87966338.31001753
-88326355.17242754
-87623594.16036779
-87788576.65074584
-87580880.7449641
-87661036.98826852
-87490256.47583896
-87426490.07545874
-87184121.51357669
-87544162.15022391
-87133319.03142607
-87473750.42892498
-87281704.24114212
-87354059.92265329
-87409413.94220006
-87188785.77316311
-87201217.87765849
-87155538.9426822
-87038225.2651237
-86885341.87107155
-87051782.59850821
-87199966.28325874
-86709975.35479593
-86797184.14965338
-87011138.3454817
-87000767.75370976
-87150131.065216
-86960462.5701029
-86829676.81991702
-86862194.72805563
-86880623.11785084
-86899994.91556841
-86827295.7993255
-86912009.18874168
-86768634.56864777
-86925935.0080693
-86707250.80616787
-86825287.22073463
-86784892.57645571
-86619051.65009403
-86557881.5855071
-86737135.8168239
-86658981.06872949
-86583838.48580614
-86448014.28970197
-86503712.28127703
-86475808.79291391
-86534042.3366315
-86453753.8130453
-86380098.07072657
-86329216.07822394
-86226645.62956169
-86224437.91615146
-86188399.46531054
-86118752.54166389
-86134624.20087218
-85974562.218263
-86025676.55548978
-85908740.5665609
-86063638.87733498
-85837444.45467111
-85883443.14515957
-85654717.30139554
-85863352.18264288
-85804821.80544037
-85570313.06469378
-85679846.92001477
-85533361.77655447
-85447769.96651986
-85668073.12482792
-85564290.43379831
-85511380.67348352
-85543402.04135168
-85578377.33769321
-85408246.58024201
-85544241.37535569
-85426453.7324534
-85341039.0864751
-85419096.52837005
-85337510.77079183
-85385210.1204553
-85286460.05614579
-85304088.84187996
-85271513.8679361
-85347738.89672452
-85173067.3235378
-85280778.2562137
-85104546.27251434
-85129189.3247993
-84969982.693589
